0,1
0,2
0,3
0,7
0,21
0,29
0,39
0,55
0,61
1,2
1,3
1,24
2,3
4,5
4,6
4,7
4,8
4,9
4,10
4,62
5,6
5,8
5,9
5,10
5,26
6,8
6,9
6,10
6,26
7,8
7,9
7,10
7,61
8,9
8,10
10,16
10,21
10,29
10,37
10,38
10,39
10,40
10,41
10,42
10,43
10,47
10,48
10,49
10,50
10,51
11,12
11,13
11,14
11,15
11,16
11,17
11,18
12,23
12,49
12,57
12,58
13,49
13,57
13,62
13,63
14,15
14,16
14,17
14,18
14,22
14,23
15,16
15,17
15,18
16,17
16,18
16,22
16,23
16,37
16,38
16,40
16,41
16,42
16,43
16,48
16,49
16,50
16,51
16,57
17,18
17,60
18,22
18,23
18,39
18,55
19,20
19,21
19,22
19,23
20,21
20,24
20,27
20,29
20,31
20,34
20,35
20,36
20,41
20,52
21,22
21,23
21,29
21,32
21,37
21,39
21,41
21,42
21,50
21,55
21,58
21,59
21,61
22,23
23,58
23,59
24,25
24,26
24,29
24,31
24,34
24,35
24,41
24,52
24,54
25,53
25,54
25,55
25,56
27,28
27,29
27,30
27,31
27,32
27,33
27,34
27,35
27,36
28,30
28,33
28,36
28,60
29,31
29,34
29,35
29,36
29,41
29,42
29,44
29,50
29,52
29,61
30,33
30,36
30,60
31,34
31,35
31,36
31,41
31,52
32,33
32,34
32,36
32,59
33,34
33,36
33,60
34,35
34,36
34,41
34,52
34,54
34,59
35,36
35,41
35,52
37,38
37,39
37,40
37,41
37,42
37,43
38,40
38,41
38,42
38,43
39,41
39,42
39,55
39,61
40,41
40,42
40,43
40,48
40,49
40,50
40,51
40,57
41,42
41,43
41,52
41,53
41,54
41,55
41,56
42,43
42,48
42,50
42,51
44,45
44,46
44,47
44,48
44,49
44,50
44,51
45,46
45,48
45,49
45,50
45,51
45,57
47,49
47,53
47,55
47,56
48,49
48,50
48,51
48,57
49,51
49,53
49,55
49,56
49,57
50,51
51,57
52,54
53,54
53,55
53,56
54,55
54,56
55,56
55,61
58,59
62,63
